Figure-eight
z: [1.3914224855041892, -0.8888058233705901, 0.683796458425381, -0.14559734865585836, -0.6837964584253811, -0.14559734865585874, 5.372134247663828, 0.0, 8.709369406436208]
u: [4.174267456512568, -0.8888058233705901, 0.0, 1.7776116467411802, -4.174267456512568, -0.8888058233705901, 1.1102230246251565e-16, 0.2911946973117171, 0.683796458425381, -0.14559734865585836, -0.6837964584253811, -0.14559734865585874, 0.0]

Heart
z: [0.29725596663309545, -2.6623814891612714, 0.6325352589322644, 0.0020100862792552013, -0.6325352589322643, 0.002010086279254882, 8.713649084310424, 0.0, 14.007725618542626]
u: [0.8917678998992864, -2.6623814891612714, 0.0, 5.324762978322543, -0.8917678998992864, -2.6623814891612714, -1.1102230246251565e-16, -0.0040201725585100835, 0.6325352589322644, 0.0020100862792552013, -0.6325352589322643, 0.002010086279254882, 0.0]

Celtic knot
z: [1.617172710494391, -0.050632342595440694, 3.1229803950881774, -0.10696421129534595, -3.1229803975832713, -0.10696420457344144, 7.307320408805487, 1.5700884600687015, 8.275564952790363]
u: [4.851518131483173, -0.050632342595440694, 0.0, 0.10126468519088139, -4.851518131483173, -0.050632342595440694, 2.495093909260504e-9, 0.21392841586878739, 3.1229803950881774, -0.10696421129534595, -3.1229803975832713, -0.10696420457344144, 0.0]

Ladybug
z: [1.5730952876325315, -1.276178058668692, 0.28536136593430333, 0.2704704204767052, -0.2853613659343177, 0.270470420476661, 13.669357435266779, 0.0, 19.792370239794522]
u: [4.719285862897594, -1.276178058668692, 0.0, 2.552356117337384, -4.719285862897594, -1.276178058668692, 1.4377388168895777e-14, -0.5409408409533663, 0.28536136593430333, 0.2704704204767052, -0.2853613659343177, 0.270470420476661, 0.0]

Spider
z: [1.6198325955191013, -2.513888024611804, -0.1890622355320448, 0.09780783586188664, 0.1890622355320448, 0.09780783586188664, 29.89263607761801, 0.00034349929963495285, 43.378333947230004]
u: [4.859497786557304, -2.513888024611804, 0.0, 5.027776049223608, -4.859497786557304, -2.513888024611804, 0.0, -0.19561567172377328, -0.1890622355320448, 0.09780783586188664, 0.1890622355320448, 0.09780783586188664, 0.0]

Spider2
z: [1.6176856576071017, -2.8046338978676446, -0.13239592733753566, 0.07650707539806541, 0.13239592733753566, 0.07650707539806541, 16.110931591339092, 2.0949682462438126, 21.69295605416226]
u: [4.853056972821305, -2.8046338978676446, 0.0, 5.609267795735289, -4.853056972821305, -2.8046338978676446, 0.0, -0.15301415079613082, -0.13239592733753566, 0.07650707539806541, 0.13239592733753566, 0.07650707539806541, 0.0]

Chor0
z: [2.436854283037394, -1.7981438273027064, -0.19237135800414212, 0.04731631509039169, 0.19237135800414212, 0.04731631509039169, 21.662764672321835, 2.659162030827952, 28.701732837333108]
u: [7.3105628491121815, -1.7981438273027064, 0.0, 3.5962876546054128, -7.3105628491121815, -1.7981438273027064, 0.0, -0.09463263018078338, -0.19237135800414212, 0.04731631509039169, 0.19237135800414212, 0.04731631509039169, 0.0]

Chor1
z: [1.76119495265593, -0.8340167068388645, 0.663692454245338, -0.10475690221995684, -0.663692454245338, -0.10475690221995684, 14.120772600484647, 2.8292214206554966, 21.712937849454327]
u: [5.28358485796779, -0.8340167068388645, 0.0, 1.668033413677729, -5.28358485796779, -0.8340167068388645, 0.0, 0.2095138044399137, 0.663692454245338, -0.10475690221995684, -0.663692454245338, -0.10475690221995684, 0.0]

Chor2
z: [0.8752990751100306, -0.6487152869522094, 0.9240368306743778, -0.22827245078292865, -0.9240368306743778, -0.22827245078292865, 31.446339356290647, 2.6544940111594197, 46.66214317311556]
u: [2.6258972253300916, -0.6487152869522094, 0.0, 1.2974305739044187, -2.6258972253300916, -0.6487152869522094, 0.0, 0.4565449015658573, 0.9240368306743778, -0.22827245078292865, -0.9240368306743778, -0.22827245078292865, 0.0]

Chor3
z: [-2.8652335721062396, -0.253751648415574, -1.3032892286740496, -0.03847455603598231, 1.3032892286740496, -0.03847455603598231, 27.83825202803072, 3.082599580243956, 34.91088935959979]
u: [-8.595700716318719, -0.253751648415574, 0.0, 0.507503296831148, 8.595700716318719, -0.253751648415574, 0.0, 0.07694911207196461, -1.3032892286740496, -0.03847455603598231, 1.3032892286740496, -0.03847455603598231, 0.0]

Chor4
z: [1.7935714194477603, -1.4102816613558606, -0.44772721022456224, 0.06741040557113012, 0.44772721022176165, 0.06741040557144103, 40.25938441914708, 0.0, 48.95027912242919]
u: [5.380714258343281, -1.4102816613558606, 0.0, 2.8205633227117213, -5.380714258343281, -1.4102816613558606, 2.8005930907681886e-12, -0.13482081114257116, -0.44772721022456224, 0.06741040557113012, 0.44772721022176165, 0.06741040557144103, 0.0]

Chor5
z: [0.7996847336069296, -1.7610964061419632, -0.5681101179397883, -0.210708989698366, 0.5681101179399319, -0.21070898969816956, 24.043392476162207, 3.141592653589793, 35.88836184101317]
u: [2.399054200820789, -1.7610964061419632, 0.0, 3.5221928122839263, -2.399054200820789, -1.7610964061419632, -1.4366285938649526e-13, 0.4214179793965356, -0.5681101179397883, -0.210708989698366, 0.5681101179399319, -0.21070898969816956, 0.0]
